Time Flux
1472.117779 258645.031250
1472.138212 258660.046875
1472.158645 258690.078125
1472.179078 258683.328125
1472.199511 258655.406250
1472.219943 258663.156250
1472.240376 258686.718750
1472.260809 258663.281250
1472.281242 258677.468750
1472.322107 258673.187500
1472.342540 258641.953125
1472.362973 258718.437500
1472.383406 258678.250000
1472.403839 258717.687500
1472.424271 258704.812500
1472.444704 258685.265625
1472.465137 258742.390625
1472.485570 258720.656250
1472.506002 258704.328125
1472.526435 258734.718750
1472.546868 258799.468750
1472.567301 258787.421875
1472.587734 258755.109375
1472.608167 258756.890625
1472.628599 258799.859375
1472.649032 258779.843750
1472.669465 258728.734375
1472.689898 258751.890625
1472.710331 258765.062500
1472.730763 258810.656250
1472.751196 258772.765625
1472.771629 258748.750000
1472.792062 258792.968750
1472.832927 258744.140625
1472.873793 258777.234375
1472.894226 258749.375000
1472.914659 258738.750000
1472.935091 258729.875000
1472.975957 258748.734375
1472.996390 258708.453125
1473.016823 258718.656250
1473.037255 258686.406250
1473.057688 258796.234375
1473.078121 258761.796875
1473.098554 258745.796875
1473.118987 258736.296875
1473.139419 258753.265625
1473.159852 258746.125000
1473.180285 258691.484375
1473.200718 258742.984375
1473.221151 258739.093750
1473.241583 258733.296875
1473.262016 258740.750000
1473.282449 258758.593750
1473.302882 258743.140625
1473.323315 258796.062500
1473.343747 258815.828125
1473.364180 258758.187500
1473.384613 258749.078125
1473.405046 258815.859375
1473.425479 258814.312500
1473.445911 258811.265625
1473.466344 258809.125000
1473.486777 258790.140625
1473.507210 258846.531250
1473.527643 258799.046875
1473.568508 258809.875000
1473.588941 258811.343750
1473.650240 258833.890625
1473.670672 258795.984375
1473.691105 258802.921875
1473.711538 258778.375000
1473.731971 258814.421875
1473.752404 258851.000000
1473.772836 258802.015625
1473.793269 258857.312500
1473.854568 258737.468750
1473.875000 258790.953125
1473.895433 258777.343750
1473.915866 258805.484375
1473.936299 258800.453125
1473.977164 258779.031250
1473.997597 258761.312500
1474.018030 258792.796875
1474.038463 258757.312500
1474.058896 258746.250000
1474.079329 258739.687500
1474.099761 258777.125000
1474.120194 258758.718750
1474.140627 258762.640625
1474.161060 258805.734375
1474.181493 258846.640625
1474.201925 258814.593750
1474.222358 258863.328125
1474.242791 258793.203125
1474.263224 258787.515625
1474.283657 258835.546875
1474.304090 258843.671875
1474.324522 258812.265625
1474.344955 258858.109375
1474.365388 258780.671875
1474.385821 258812.078125
1474.426686 258807.640625
1474.447119 258827.140625
1474.467552 258814.562500
1474.487985 258804.343750
1474.508418 258815.218750
1474.528851 258834.640625
1474.549283 258795.890625
1474.569716 258815.156250
1474.590149 258823.500000
1474.610582 258778.609375
1474.631015 258814.500000
1474.651447 258778.531250
1474.671880 258742.953125
1474.692313 258735.859375
1474.712746 258749.796875
1474.733179 258724.171875
1474.753611 258788.515625
1474.774044 258774.890625
1474.794477 258772.109375
1474.814910 258769.687500
1474.835343 258800.562500
1474.855776 258764.671875
1474.876208 258743.953125
1474.896641 258769.125000
1474.917074 258769.171875
1474.937507 258753.515625
1474.957940 258689.984375
1474.978373 258719.687500
1474.998805 258719.937500
1475.019238 258742.390625
1475.039671 258725.406250
1475.060104 258717.453125
1475.080537 258747.453125
1475.100969 258750.421875
1475.121402 258785.796875
1475.141835 258743.953125
1475.162268 258724.437500
1475.182701 258728.984375
1475.203134 258736.562500
1475.223566 258687.906250
1475.243999 258610.875000
1475.264432 258657.031250
1475.284865 258635.453125
1475.305298 258613.203125
1475.366596 258682.921875
1475.387029 258672.828125
1475.407462 258652.203125
1475.427895 258656.843750
1475.448328 258710.390625
1475.468760 258737.500000
1475.489193 258786.093750
1475.509626 258759.500000
1475.530059 258732.781250
1475.550492 258715.500000
1475.570925 258750.718750
1475.591357 258761.156250
1475.632223 258741.187500
1475.652656 258794.984375
1475.673089 258789.000000
1475.693521 258857.031250
1475.713954 258839.359375
1475.734387 258885.375000
1475.754820 258799.796875
1475.775253 258878.953125
1475.795686 258875.640625
1475.816118 258897.906250
1475.836551 258884.968750
1475.856984 258904.609375
1475.877417 258893.062500
1475.897850 258915.015625
1475.918283 258913.671875
1475.959148 258936.515625
1475.979581 258994.734375
1476.000014 258966.578125
1476.020447 258958.593750
1476.040880 258924.750000
1476.061312 258937.593750
1476.081745 258961.421875
1476.102178 258967.328125
1476.122611 258994.734375
1476.143044 258974.437500
1476.163477 259009.812500
1476.183910 259019.437500
1476.204342 259028.468750
1476.224775 259038.843750
1476.245208 258994.515625
1476.265641 259010.640625
1476.286074 259028.921875
1476.306507 259019.937500
1476.347372 258996.343750
1476.367805 259042.703125
1476.429104 259023.906250
1476.449536 258981.921875
1476.469969 258977.765625
1476.490402 258964.375000
1476.510835 258998.203125
1476.531268 258993.531250
1476.551701 258995.281250
1476.572133 258982.562500
1476.592566 259006.703125
1476.633432 258951.062500
1476.653865 259023.937500
1476.674298 259093.140625
1476.694730 259073.343750
1476.715163 259054.375000
1476.735596 259028.046875
1476.756029 259016.781250
1476.776462 259018.156250
1476.796895 258995.265625
1476.817327 258921.078125
1476.837760 258934.718750
1476.858193 258896.281250
1476.878626 258915.203125
1476.919492 258909.625000
1476.939924 258880.031250
1476.960357 258902.218750
1476.980790 258878.312500
1477.001223 258873.656250
1477.021656 258907.453125
1477.042089 258867.500000
1477.062522 258887.265625
1477.082954 258824.515625
1477.103387 258859.437500
1477.123820 258870.671875
1477.185119 258857.484375
1477.225984 258944.875000
1477.246417 258932.593750
1477.266850 258986.390625
1477.287283 259020.265625
1477.307716 259007.656250
1488.688844 258843.546875
1488.709277 258850.093750
1488.729710 258831.734375
1488.750143 258823.515625
1488.770576 258826.859375
1488.791009 258834.484375
1488.811442 258869.437500
1488.831875 258863.140625
1488.852308 258847.640625
1488.872741 258824.343750
1488.913606 258849.421875
1488.934040 258787.437500
1488.954473 258840.421875
1488.974906 258822.015625
1489.015771 258842.250000
1489.056637 258902.234375
1489.077070 258918.343750
1489.097503 258910.500000
1489.117936 258908.531250
1489.138369 258934.281250
1489.158802 258884.968750
1489.179235 258926.093750
1489.199668 258932.156250
1489.220101 258911.734375
1489.240534 258915.984375
1489.260967 258971.312500
1489.281400 258909.359375
1489.301833 258958.578125
1489.363132 258930.312500
1489.383565 258924.296875
1489.403998 258944.531250
1489.424431 258935.984375
1489.444864 258990.125000
1489.465297 258941.546875
1489.485730 258898.500000
1489.506163 258910.078125
1489.547029 258885.812500
1489.587895 258834.640625
1489.628761 258842.546875
1489.649194 258831.171875
1489.669627 258848.203125
1489.690060 258829.437500
1489.710493 258834.671875
1489.730926 258823.062500
1489.751359 258794.359375
1489.771792 258825.234375
1489.833091 258857.375000
1489.853524 258841.515625
1489.873957 258819.500000
1489.894390 258852.421875
1489.914823 258857.484375
1489.935256 258850.875000
1489.955689 258886.078125
1489.976122 258843.718750
1489.996555 258823.343750
1490.016988 258850.796875
1490.037421 258861.078125
1490.057854 258859.625000
1490.078287 258828.875000
1490.119153 258871.453125
1490.139586 258918.546875
1490.160019 258869.031250
1490.180452 258830.281250
1490.200885 258840.171875
1490.221318 258838.328125
1490.241751 258841.718750
1490.262184 258823.234375
1490.282617 258828.750000
1490.303050 258927.515625
1490.323483 258809.078125
1490.343916 258768.562500
1490.384782 258811.437500
1490.405215 258789.609375
1490.425648 258768.234375
1490.446081 258741.218750
1490.466514 258729.062500
1490.486947 258719.640625
1490.527813 258704.343750
1490.548246 258704.171875
1490.568679 258686.250000
1490.589113 258673.453125
1490.609545 258677.078125
1490.629979 258699.781250
1490.670845 258733.937500
1490.691278 258718.984375
1490.711711 258713.453125
1490.732144 258681.125000
1490.752577 258736.906250
1490.773010 258710.093750
1490.793443 258712.750000
1490.813876 258725.546875
1490.834309 258783.484375
1490.875175 258751.328125
1490.895608 258770.046875
1490.916041 258766.750000
1490.936474 258768.062500
1490.956907 258736.734375
1490.977340 258703.734375
1490.997773 258730.093750
1491.018206 258697.015625
1491.038639 258722.765625
1491.059072 258675.187500
1491.079505 258766.250000
1491.099938 258726.875000
1491.140804 258715.625000
1491.161237 258730.265625
1491.181670 258712.203125
1491.202103 258684.781250
1491.222536 258633.765625
1491.242969 258654.578125
1491.263402 258650.468750
1491.304268 258596.437500
1491.324701 258642.812500
1491.345134 258609.750000
1491.365567 258583.187500
1491.386000 258533.109375
1491.406433 258583.562500
1491.426866 258552.234375
1491.447299 258561.359375
1491.467732 258510.281250
1491.488165 258518.953125
1491.529031 258545.562500
1491.549464 258546.203125
1491.569897 258527.718750
1491.590330 258565.765625
1491.610763 258552.031250
1491.631196 258553.062500
1491.651629 258536.031250
1491.672062 258540.187500
1491.712929 258553.921875
1491.733362 258529.796875
1491.753795 258564.562500
1491.774228 258573.234375
1491.794661 258565.328125
1491.815094 258586.390625
1491.835527 258604.218750
1491.855960 258595.593750
1491.876393 258599.828125
1491.896826 258589.562500
1491.917259 258560.890625
1491.937692 258597.906250
1491.958125 258619.109375
1491.978558 258567.156250
1491.998991 258601.968750
1492.019424 258555.843750
1492.039857 258577.843750
1492.060290 258536.125000
1492.080723 258545.875000
1492.101156 258508.468750
1492.121589 258527.171875
1492.142022 258525.843750
1492.162455 258523.671875
1492.182888 258515.046875
1492.203321 258478.968750
1492.223754 258523.875000
1492.264620 258466.125000
1492.305486 258429.281250
1492.325919 258333.890625
1492.346352 258378.953125
1492.387219 258412.984375
1492.407651 258339.171875
1492.428085 258328.171875
1492.468951 258305.734375
1492.489384 258323.859375
1492.509817 258341.109375
1492.530250 258367.781250
1492.550683 258383.687500
1492.571116 258340.125000
1492.591549 258301.640625
1492.611982 258332.718750
1492.632415 258340.531250
1492.652848 258284.890625
1492.693714 258371.562500
1492.734580 258322.453125
1492.795879 258341.000000
1492.816312 258334.359375
1492.836745 258346.000000
1492.857178 258356.562500
1492.877611 258389.000000
1492.898045 258342.453125
1492.938911 258235.625000
1492.959344 258281.703125
1493.000210 258324.171875
1493.020643 258251.562500
1493.061509 258335.593750
1493.081942 258282.734375
1493.102375 258285.828125
1493.122808 258266.921875
1493.143241 258258.437500
1493.163674 258282.484375
1493.184107 258218.171875
1493.224973 258235.343750
1493.245406 258273.734375
1493.286272 258274.718750
1493.306706 258185.062500
1493.327139 258247.515625
1493.347572 258203.953125
1493.368005 258208.000000
1493.388438 258212.343750
1493.408871 258211.625000
1493.429304 258211.718750
1493.449737 258275.046875
1493.470170 258237.843750
1493.511036 258229.093750
1493.531469 258267.218750
1493.551902 258249.312500
1493.572335 258244.218750
1493.613201 258258.750000
1493.633634 258323.125000
1493.654067 258268.234375
1493.674500 258310.187500
1493.694933 258254.984375
1493.715366 258269.984375
1493.735799 258295.765625
1493.756233 258250.750000
1493.776666 258288.062500
1493.797099 258240.406250
1493.837965 258271.656250
1493.858398 258279.046875
1493.878831 258269.515625
1493.899264 258267.656250
1493.919697 258296.187500
1493.940130 258249.750000
1493.960563 258282.421875
1493.980996 258280.296875
1494.001429 258267.390625
1494.021862 258258.843750
1494.042295 258245.859375
1494.062728 258211.781250
1494.083162 258288.140625
1494.103595 258259.218750
1494.124028 258222.843750
1494.144461 258260.843750
1494.164894 258226.250000
1494.185327 258242.078125
1494.205760 258241.296875
1494.226193 258228.953125
1494.246626 258244.000000
1494.287492 258281.187500
1494.307925 258255.421875
1494.328358 258270.562500
1494.348791 258265.921875
1494.369224 258255.656250
1494.389657 258269.390625
1494.410090 258285.671875
1494.430524 258287.625000
1494.450957 258309.781250
1494.471390 258327.515625
1494.491823 258367.109375
1494.512256 258600.937500
1494.573555 258438.312500
1494.593988 258444.781250
1494.614421 258393.250000
1494.634854 258384.218750
1494.655287 258392.312500
1494.675720 258461.796875
1494.696154 258438.078125
1494.737020 258440.906250
1494.757453 258447.687500
1494.777886 258438.687500
1494.818752 258444.890625
1494.839185 258487.515625
1494.859618 258441.140625
1494.880051 258485.296875
1494.900484 258438.281250
1494.920917 258466.203125
1494.941350 258458.890625
1494.961783 258485.765625
1494.982216 258437.296875
1495.002649 258435.687500
1495.023082 258465.640625
1495.043516 258496.234375
1495.063949 258428.265625
1495.084382 258402.656250
1495.104815 258424.640625
1495.125248 258380.609375
1495.145681 258379.796875
1495.166114 258347.171875
1495.186547 258367.796875
1495.206980 258345.734375
1495.227413 258338.125000
1495.247846 258329.078125
1495.268280 258283.312500
1495.288712 258263.421875
1495.329579 258323.187500
1495.350012 258318.156250
1495.370445 258297.781250
1495.390878 258344.375000
1495.411311 258334.437500
1495.431744 258277.140625
1495.452177 258317.656250
1495.472610 258284.031250
1495.493043 258257.562500
1495.513476 258256.265625
1495.533909 258180.031250
1495.554343 258203.687500
1495.574776 258143.515625
1495.595209 258097.156250
1495.615642 258002.500000
1495.636075 258010.984375
1495.656508 258024.250000
1495.676941 257924.890625
1495.697374 257871.625000
1495.717807 257824.218750
1495.738240 257820.000000
1495.779106 257706.937500
1495.799539 257690.125000
1495.819973 257622.828125
1495.840406 257639.234375
1495.860839 257615.265625
1495.881272 257598.828125
1495.901705 257530.125000
1495.922138 257566.218750
1495.963004 257569.578125
1495.983437 257598.375000
1496.003870 257642.734375
1496.024304 257686.718750
1496.044737 257659.421875
1496.065170 257656.343750
1496.085603 257683.093750
1496.106036 257766.062500
1496.126469 257733.703125
1496.146902 257794.343750
1496.167335 257770.000000
1496.187768 257879.187500
1496.208201 257900.265625
1496.228634 257892.062500
1496.249067 257956.515625
1496.269501 257982.093750
1496.310367 258054.734375
1496.330800 258057.218750
1496.351233 258059.187500
1496.371666 258098.796875
1496.392099 258138.875000
1496.412532 258157.500000
1496.432965 258135.765625
1496.453398 258212.578125
1496.473832 258197.343750
1496.494265 258211.484375
1496.514698 258272.125000
1496.535131 258259.625000
1496.555564 258283.203125
1496.575997 258299.937500
1496.596430 258372.343750
1496.616863 258335.796875
1496.637296 258398.218750
1496.657729 258415.843750
1496.678162 258453.484375
1496.698596 258416.453125
1496.719029 258449.218750
1496.739462 258476.890625
1496.759895 258466.593750
1496.800761 258507.406250
1496.821194 258523.921875
1496.841627 258556.187500
1496.862060 258573.703125
1496.882493 258571.859375
1496.902926 258598.062500
1496.923360 258570.531250
1496.943793 258571.562500
1496.964226 258611.375000
1496.984659 258582.703125
1497.005092 258579.062500
1497.025525 258505.218750
1497.045958 258539.343750
1497.086825 258535.968750
1497.107258 258560.531250
1497.127691 258561.078125
1497.148124 258586.781250
1497.168557 258650.250000
1497.188990 258600.312500
1497.209423 258562.812500
1497.229856 258671.468750
1497.250289 258625.312500
1497.270722 258696.062500
1497.291155 258639.625000
1497.311589 258618.875000
1497.352455 258636.437500
1497.372888 258666.125000
1497.393321 258641.750000
1497.413754 258676.843750
1497.434187 258637.046875
1497.475053 258703.031250
1497.495487 258730.718750
1497.536353 258729.062500
1497.556786 258765.750000
1497.597652 258686.000000
1497.638518 258685.359375
1497.658952 258730.109375
1497.679385 258754.406250
1497.699818 258719.828125
1497.720251 258702.656250
1497.740684 258730.375000
1497.761117 258749.703125
1497.781550 258711.843750
1497.801983 258691.546875
1497.822416 258733.718750
1497.842849 258667.515625
1497.863283 258650.218750
1497.883716 258633.656250
1497.924582 258655.218750
1497.945015 258601.031250
1497.965448 258645.984375
1497.985881 258647.046875
1498.006314 258643.406250
1498.026748 258636.500000
1498.108480 258702.031250
1498.128913 258663.390625
1498.149346 258703.484375
1498.169779 258735.640625
1498.190212 258713.781250
1498.210646 258714.046875
1498.231079 258721.296875
1498.251512 258710.828125
1498.271945 258715.750000
1498.292378 258697.828125
1498.312811 258726.734375
1498.374111 258758.062500
1498.394544 258799.109375
1498.414977 258679.171875
1498.435410 258727.671875
1498.455843 258763.765625
1498.476276 258725.171875
1498.496709 258714.000000
1498.517143 258727.890625
1498.537576 258674.484375
1498.578442 258766.421875
1498.598875 258771.109375
1498.701041 258816.015625
1498.741907 258762.781250
1498.782773 258733.125000
1498.803206 258696.281250
1498.823639 258641.859375
1498.844072 258662.937500
1498.884939 258609.843750
1498.905372 258626.765625
1498.925805 258704.875000
1498.946238 258654.390625
1498.987104 258717.984375
1499.007537 258734.406250
1499.027971 258780.421875
1499.048404 258713.593750
1499.068837 258719.343750
1499.089270 258712.812500
1499.109703 258716.062500
1499.150569 258736.125000
1499.171003 258739.218750
1499.191436 258728.312500
1499.211869 258728.421875
1499.232302 258728.453125
1499.252735 258781.968750
1499.273168 258748.390625
1499.314035 258688.703125
1499.334468 258756.625000
1499.354901 258769.734375
1499.375334 258748.140625
1499.395767 258708.296875
1499.416200 258749.843750
1499.436633 258761.890625
1499.457067 258747.046875
1499.477500 258775.234375
1499.497933 258703.140625
1499.518366 258731.703125
1499.559232 258744.875000
1499.579665 258711.781250
1499.600098 258693.140625
1499.620532 258732.859375
1499.640965 258706.484375
1499.661398 258706.000000
1499.681831 258642.703125
1499.702264 258657.703125
1499.722697 258670.250000
1499.743131 258640.218750
1499.763564 258682.031250
1499.783997 258622.937500
1499.804430 258625.812500
1499.824863 258651.437500
1499.845296 258681.156250
1499.865729 258631.625000
1499.886162 258606.343750
1499.906596 258644.828125
1499.927029 258639.125000
1499.947462 258630.468750
1499.967895 258620.265625
1499.988328 258674.968750
1500.008761 258676.968750
1500.029194 258657.500000
1500.049628 258683.453125
1500.070061 258692.687500
1500.090494 258695.000000
1500.110927 258713.078125
1500.131360 258722.406250
1500.151793 258705.812500
1500.172226 258731.093750
1500.192660 258737.531250
1500.213093 258680.453125
1500.233526 258678.609375
1500.253959 258649.750000
1500.274392 258674.015625
1500.294825 258713.265625
1500.315259 258687.375000
1500.335692 258722.781250
1500.356125 258691.359375
1500.376558 258729.359375
1500.396991 258748.968750
1500.417424 258748.906250
1500.437857 258774.875000
1500.478724 258685.703125
1500.499157 258702.531250
1500.519590 258719.265625
1500.540023 258684.859375
1500.560456 258666.171875
1500.580890 258624.328125
1500.601323 258667.593750
1500.621756 258685.031250
1500.642189 258679.703125
1500.662622 258698.859375
1500.683055 258697.859375
1500.703489 258676.203125
1500.723922 258673.906250
1500.744355 258678.890625
1500.764788 258670.531250
1500.805654 258707.656250
1500.826087 258699.656250
1500.846521 258678.500000
1500.866954 258682.156250
1500.887387 258663.453125
1500.907820 258681.593750
1500.928253 258707.906250
1500.948686 258733.187500
1500.969120 258733.968750
1500.989553 258695.296875
1501.009986 258737.187500
1501.050852 258779.953125
1501.091719 258705.031250
1501.112152 258691.656250
1501.132585 258713.359375
1501.153018 258697.234375
1501.173451 258677.218750
1501.193884 258687.828125
1501.214318 258718.375000
1501.234751 258719.156250
1501.255184 258718.328125
1501.275617 258693.000000
1501.296050 258702.859375
1501.316483 258748.343750
1501.336916 258722.828125
1501.357350 258702.531250
1501.377783 258697.578125
1501.398216 258696.015625
1501.418649 258706.437500
1501.439082 258704.062500
1501.459516 258678.093750
1501.479949 258723.828125
1501.500382 258724.281250
1501.520815 258694.375000
1501.541248 258687.234375
1501.561681 258658.468750
1501.622981 258623.515625
1501.643414 258649.765625
1501.663847 258601.281250
1501.725147 258603.843750
1501.745580 258596.500000
1501.786446 258581.656250
1501.806879 258597.500000
1501.827313 258636.796875
1501.847746 258621.609375
1501.868179 258556.531250
1501.888612 258615.953125
1501.909045 258591.468750
1501.929479 258532.937500
1501.949912 258562.593750
1501.970345 258538.765625
1501.990778 258553.984375
1502.011211 258625.375000
1502.031644 258601.734375
1502.052078 258607.265625
1502.092944 258653.359375
1502.113377 258655.000000
1502.133810 258650.296875
1502.154243 258621.406250
1502.195110 258625.562500
1502.215543 258671.500000
1502.235976 258678.406250
1502.256409 258617.156250
1502.276842 258634.640625
1502.297276 258678.828125
1502.317709 258717.375000
1502.338142 258618.234375
1502.358575 258636.906250
1502.379008 258647.031250
1502.399442 258673.250000
1502.419875 258708.546875
1502.440308 258658.250000
1502.460741 258681.781250
1502.501608 258671.734375
1502.522041 258637.781250
1502.542474 258635.609375
1502.562907 258645.140625
1502.583340 258581.828125
1502.603773 258609.218750
1502.624207 258553.687500
1502.644640 258611.234375
1502.665073 258621.015625
1502.685506 258628.750000
1502.705939 258675.328125
1502.726373 258669.890625
1502.746806 258691.250000
1502.767239 258679.375000
1502.787672 258684.750000
1502.808105 258684.265625
1502.828539 258667.703125
1502.848972 258698.937500
1502.869405 258694.796875
1502.930704 258746.156250
1502.951138 258789.531250
1502.971571 258752.312500
1502.992004 258778.656250
1503.012437 258725.140625
1503.032870 258718.156250
1503.053304 258745.484375
1503.073737 258774.906250
1503.094170 258755.078125
1503.114603 258714.312500
1503.135037 258719.453125
1503.155470 258680.265625
1503.175903 258700.500000
1503.196336 258685.140625
1503.216769 258678.062500
1503.237202 258697.625000
1503.257636 258683.609375
1503.278069 258687.250000
1503.298502 258665.906250
1503.318935 258680.890625
1503.339368 258685.406250
1503.359802 258646.328125
1503.380235 258643.015625
1503.400668 258634.468750
1503.421101 258630.562500
1503.441534 258598.671875
1503.461968 258622.546875
1503.482401 258617.843750
1503.502834 258616.906250
1503.523267 258536.843750
1503.543700 258560.875000
1503.564134 258575.453125
1503.584567 258564.468750
1503.605000 258559.171875
1503.625433 258609.625000
1503.645866 258642.562500
1503.666300 258636.343750
1503.727599 258617.203125
1503.748032 258628.484375
1503.768466 258574.484375
1503.788899 258604.359375
1503.809332 258647.453125
1503.829765 258642.734375
1503.850198 258671.000000
1503.870632 258597.218750
1503.891065 258653.984375
1503.911498 258666.953125
1503.931931 258655.796875
1503.952365 258663.687500
1503.972798 258696.500000
1503.993231 258660.390625
1504.013664 258694.031250
1504.034097 258634.281250
1504.054531 258642.250000
1504.074964 258588.671875
1504.095397 258608.468750
1504.115830 258581.015625
1504.136263 258596.578125
1504.156697 258620.156250
1504.177130 258594.781250
1504.197563 258600.062500
1504.217996 258595.718750
1504.258863 258586.718750
1504.279296 258587.781250
1504.299729 258583.375000
1504.320162 258555.187500
1504.340596 258564.500000
1504.361029 258591.828125
1504.381462 258621.828125
1504.401895 258546.984375
1504.422328 258576.750000
1504.442762 258605.593750
1504.463195 258572.718750
1504.504061 258520.546875
1504.524494 258476.765625
1504.544928 258559.921875
1504.565361 258529.000000
1504.585794 258497.718750
1504.606227 258539.843750
1504.626661 258541.562500
1504.647094 258551.390625
1504.667527 258556.343750
1504.708393 258486.515625
1504.728827 258508.812500
1504.749260 258511.000000
1504.769693 258566.734375
1504.790126 258519.796875
1504.810559 258538.515625
1504.830993 258521.281250
1504.851426 258546.250000
1504.871859 258515.609375
1504.892292 258487.875000
1504.912726 258495.890625
1504.933159 258467.812500
1504.953592 258444.406250
1504.974025 258491.812500
1504.994458 258429.515625
1505.014892 258461.187500
1505.035325 258440.531250
1505.055758 258480.171875
1505.076191 258478.109375
1505.096625 258425.453125
1505.117058 258417.546875
1505.137491 258450.843750
1505.157924 258450.078125
1505.178358 258381.546875
1505.198791 258418.359375
1505.219224 258375.531250
1505.239657 258388.890625
1505.260090 258378.953125
1505.300957 258391.328125
1505.321390 258363.859375
1505.341823 258400.796875
1505.362257 258383.468750
1505.382690 258366.421875
1505.403123 258258.031250
1505.423556 258285.562500
1505.443990 258253.078125
1505.464423 258256.062500
1505.484856 258331.109375
1505.505289 258307.859375
1505.525722 258303.609375
1505.546156 258344.156250
1505.607455 258292.312500
1505.627889 258295.250000
1505.648322 258312.062500
1505.668755 258308.500000
1505.689188 258298.156250
1505.709622 258270.671875
1505.730055 258274.390625
1505.750488 258292.312500
1505.770921 258302.140625
1505.791354 258282.875000
1505.811788 258289.546875
1505.852654 258288.015625
1505.873087 258246.484375
1505.893521 258252.890625
1505.913954 258248.750000
1505.954820 258242.015625
1505.975254 258232.875000
1505.995687 258252.453125
1506.016120 258204.000000
1506.036553 258245.031250
1506.056987 258143.625000
1506.077420 258148.578125
1506.097853 258177.500000
1506.118286 258159.578125
1506.138720 258120.328125
1506.159153 258155.140625
1506.179586 258116.390625
1506.200019 258134.578125
1506.220453 258124.000000
1506.240886 258137.250000
1506.261319 258107.265625
1506.281752 258090.437500
1506.302186 258045.515625
1506.322619 258095.359375
1506.343052 258022.000000
1506.363485 258044.500000
1506.383918 257999.171875
1506.404352 257988.609375
1506.424785 257961.140625
1506.445218 258022.812500
1506.465651 258056.515625
1506.486085 258029.437500
1506.506518 258009.906250
1506.526951 258058.656250
1506.547385 258073.031250
1506.567818 258018.421875
1506.649551 258101.078125
1506.690417 258018.750000
1506.710850 258025.890625
1506.731284 258010.109375
1506.751717 258071.140625
1506.772150 258033.546875
1506.792583 258071.156250
1506.833450 258025.890625
1506.853883 258028.453125
1506.874316 258016.765625
1506.894750 257985.078125
1506.915183 257949.765625
1506.935616 257918.578125
1506.956050 257927.046875
1506.976483 257917.437500
1506.996916 257884.218750
1507.017349 257890.234375
1507.037782 257942.484375
1507.058216 257885.921875
1507.078649 257908.906250
1507.119516 257889.796875
1507.139949 257881.234375
1507.160382 257860.843750
1507.180815 257860.421875
1507.201248 257864.296875
1507.221682 257838.109375
1507.242115 257842.203125
1507.262548 257872.625000
1507.282982 257805.218750
1507.323848 257814.625000
1507.344281 257814.453125
1507.385148 257773.421875
1507.426014 257833.046875
1507.466881 257802.015625
1507.507748 257773.531250
1507.528181 257796.281250
1507.548614 257719.843750
1507.569047 257761.718750
1507.589481 257699.140625
1507.609914 257739.703125
1507.630347 257751.312500
1507.650780 257681.375000
1507.691647 257693.656250
1507.712080 257687.843750
1507.732513 257651.312500
1507.752947 257664.203125
1507.793813 257630.531250
1507.814246 257653.453125
1507.834680 257591.375000
1507.855113 257628.546875
1507.875546 257603.781250
1507.916413 257637.234375
1507.936846 257558.984375
1507.957279 257582.187500
1507.977713 257564.406250
1507.998146 257560.250000
1508.018579 257538.531250
1508.039012 257502.546875
1508.059446 257503.328125
1508.079879 257574.718750
1508.100312 257517.359375
1508.120746 257491.687500
1508.141179 257492.796875
1508.161612 257458.296875
1508.182045 257454.437500
1508.222912 257439.703125
1508.243345 257428.156250
1508.263778 257437.750000
1508.284212 257445.562500
1508.325078 257447.062500
1508.345512 257426.218750
1508.365945 257419.093750
1508.386378 257455.890625
1508.406811 257371.500000
1508.427245 257416.843750
1508.447678 257400.109375
1508.468111 257362.218750
1508.488545 257385.859375
1508.508978 257358.671875
1508.529411 257309.765625
1508.549844 257361.812500
1508.570278 257325.718750
1508.590711 257344.765625
1508.611144 257356.078125
1508.631577 257308.843750
1508.652011 257340.140625
1508.672444 257341.843750
1508.713311 257244.312500
1508.733744 257266.468750
1508.754177 257206.546875
1508.774611 257230.937500
1508.795044 257227.593750
1508.815477 257122.031250
1508.856344 257102.937500
1508.876777 257142.968750
1508.897210 257117.343750
1508.917643 257046.062500
1508.938077 257020.609375
1508.958510 257050.328125
1508.999377 257073.875000
1509.019810 257098.125000
1509.040243 257030.062500
1509.060676 257017.703125
1509.081110 257026.828125
1509.101543 256985.921875
1509.142410 256973.000000
1509.162843 256942.656250
1509.183276 256877.812500
1509.203709 256914.140625
1509.224143 256850.093750
1509.244576 256922.468750
1509.265009 256864.906250
1509.285443 256875.484375
1509.305876 256833.156250
1509.326309 256823.875000
1509.346743 256821.578125
1509.367176 256753.953125
1509.387609 256776.109375
1509.408042 256761.890625
1509.428476 256733.156250
1509.448909 256739.750000
1509.469342 256703.359375
1509.489776 256720.281250
1509.510209 256710.859375
1509.530642 256672.000000
1509.551076 256661.750000
1509.571509 256641.656250
1509.591942 256620.437500
1509.612375 256567.500000
1509.632809 256537.406250
1509.653242 256480.328125
1509.673675 256480.468750
1509.714542 256481.328125
1509.755408 256445.750000
1509.775842 256429.031250
1509.816708 256370.656250
1509.857575 256365.703125
1509.878008 256343.218750
1509.898442 256232.546875
1509.918875 256207.609375
1509.939308 256215.671875
1509.959741 256254.750000
1509.980175 256185.734375
1510.000608 256184.328125
1510.021041 256166.359375
1510.061908 256161.281250
1510.082341 256135.765625
1510.102775 256106.156250
1510.123208 256088.750000
1510.143641 256038.781250
1510.164075 256018.875000
1510.184508 256026.093750
1510.225374 255946.765625
1510.245808 255927.406250
1510.266241 255930.234375
1510.286674 255897.750000
1510.307108 255914.843750
1510.327541 255851.000000
1510.347974 255836.953125
1510.388841 255779.171875
1510.409274 255734.218750
1510.429708 255745.671875
1510.450141 255682.656250
1510.470574 255654.390625
1510.491007 255645.843750
1510.511441 255566.140625
1510.552307 255563.906250
1510.572741 255557.390625
1510.613607 255526.328125
1510.674907 255424.296875
1510.715774 255447.312500
1510.736207 255479.796875
1510.777074 255379.703125
1510.797507 255354.421875
1510.817941 255332.234375
1510.838374 255320.906250
1510.858807 255341.218750
1510.879240 255269.093750
1510.899674 255287.890625
1510.920107 255229.562500
1510.940540 255248.078125
1510.960974 255207.296875
1510.981407 255161.343750
1511.001840 255160.531250
1511.022274 255121.203125
1511.042707 255125.359375
1511.063140 255074.484375
1511.124440 255027.843750
1511.144874 255026.046875
1511.165307 254977.750000
1511.185740 254961.093750
1511.206174 254988.000000
1511.226607 254980.484375
1511.247040 255013.500000
1511.267474 254958.750000
1511.287907 254935.359375
1511.308340 254939.046875
1511.328774 254903.500000
1511.349207 254931.843750
1511.369640 254916.015625
1511.390073 254884.250000
1511.410507 254863.328125
1511.430940 254890.421875
1511.451373 254844.281250
1511.471807 254860.000000
1511.492240 254810.750000
1511.512673 254796.031250
1511.533107 254871.765625
1511.553540 254859.375000
1511.573973 254900.703125
1511.594407 254873.859375
1511.614840 254910.671875
1511.635273 254851.718750
1511.655707 254921.468750
1511.676140 254894.640625
1511.717007 254923.421875
1511.737440 254927.828125
1511.757873 254968.390625
1511.778307 254949.500000
1511.798740 254996.484375
1511.819174 254986.593750
1511.839607 254988.625000
1511.860040 254981.984375
1511.880473 255035.656250
1511.900907 255005.921875
1511.941773 255037.031250
1511.982640 255009.812500
1512.003073 255074.375000
1512.023507 254994.984375
1512.064373 255055.359375
1512.084807 255099.578125
1512.105240 255058.671875
1512.166540 255114.937500
1512.207407 255238.921875
1512.227840 255201.500000
1512.248274 255251.359375
1512.268707 255249.875000
1512.289140 255316.875000
1512.309574 255356.484375
1512.330007 255317.515625
1512.370874 255346.500000
1512.391307 255388.406250
1512.411740 255392.921875
1512.432174 255480.562500
1512.473040 255475.937500
1512.493474 255434.203125
1512.534340 255529.953125
1512.554774 255544.578125
1512.575207 255584.421875
1512.595640 255684.531250
1512.616074 255729.187500
1512.636507 255799.281250
1512.677374 255828.796875
1512.697807 255891.703125
1512.738674 255934.156250
1512.759107 255956.453125
1512.779540 255986.750000
1512.799974 256043.921875
1512.820407 256028.343750
1512.840841 256015.015625
1512.861274 256038.765625
1512.881707 256071.187500
1512.902141 256085.828125
1512.922574 256099.421875
1512.943007 256178.640625
1513.004307 256241.500000
1513.024741 256234.734375
1513.065607 256320.359375
1513.106474 256390.953125
1513.126907 256370.656250
1513.147341 256389.468750
1513.167774 256385.421875
1513.188208 256443.093750
1513.208641 256436.250000
1513.229074 256396.593750
1513.249508 256438.625000
1513.269941 256486.328125
1513.290374 256509.593750
1513.310808 256524.640625
1513.331241 256475.015625
1513.372108 256573.562500
1513.392541 256572.328125
1513.412974 256596.937500
1513.433408 256659.453125
1513.453841 256645.453125
1513.474275 256637.953125
1513.494708 256680.859375
1513.515141 256747.437500
1513.535575 256780.640625
1513.556008 256801.343750
1513.596875 256825.187500
1513.617308 256787.328125
1513.658175 256840.328125
1513.678608 256890.421875
1513.699042 256832.468750
1513.719475 256870.921875
1513.739908 256798.593750
1513.760342 256829.953125
1513.780775 256779.437500
1513.801208 256849.468750
1513.821642 256837.484375
1513.842075 256800.343750
1513.862508 256829.562500
1513.882942 256855.593750
1513.903375 256847.500000
1513.923809 256860.843750
1513.944242 256817.562500
1513.964675 256839.140625
1513.985109 256866.890625
1514.025975 256809.718750
1514.046409 256877.187500
1514.066842 256856.484375
1514.087276 256852.250000
1514.107709 256879.203125
1514.128142 256959.234375
1514.148576 256936.843750
1514.169009 256961.937500
1514.189442 257038.531250
1514.209876 256973.703125
1514.230309 257001.531250
1514.250742 256999.187500
1514.271176 256938.062500
1514.312043 257042.671875
1514.332476 257047.359375
1514.352909 257041.265625
1514.373343 257047.093750
1514.393776 257073.328125
1514.414210 257119.296875
1514.434643 257099.500000
1514.455076 257147.015625
1514.475510 257152.093750
1514.495943 257148.734375
1514.516376 257131.718750
1514.536810 257157.484375
1514.557243 257154.437500
1514.577676 257150.000000
1514.598110 257188.093750
1514.618543 257088.109375
1514.638977 257164.437500
1514.659410 257131.015625
1514.679843 257164.687500
1514.700277 257132.531250
1514.720710 257104.937500
1514.741143 257133.671875
1514.761577 257155.812500
1514.782010 257182.312500
1514.802444 257174.328125
1514.822877 257176.187500
1514.843310 257123.125000
1514.863744 257128.421875
1514.884177 257116.406250
1514.925044 257119.031250
1514.945477 257079.593750
1514.965911 257134.078125
1514.986344 257148.343750
1515.006777 257114.000000
1515.027211 257118.109375
1515.047644 257124.109375
1515.068078 257173.156250
1515.088511 257143.109375
1515.108944 257151.031250
1515.129378 257152.312500
1515.149811 257211.046875
1515.190678 257152.625000
1515.211111 257184.531250
1515.231545 257202.281250
1515.251978 257230.750000
1515.272412 257264.000000
1515.292845 257268.796875
1515.313278 257241.562500
1515.333712 257300.109375
1515.354145 257333.046875
1515.374578 257274.843750
1515.395012 257275.921875
1515.415445 257279.750000
1515.435879 257310.625000
1515.456312 257289.375000
1515.476745 257302.781250
1515.497179 257263.250000
1515.517612 257289.531250
1515.538046 257277.843750
1515.558479 257304.234375
1515.578912 257255.531250
1515.599346 257236.734375
1515.619779 257279.000000
1515.640213 257256.796875
1515.660646 257199.484375
1515.681079 257225.656250
1515.701513 257194.812500
1515.721946 257234.531250
1515.762813 257179.531250
1515.824113 257125.156250
1515.844547 257112.546875
1515.864980 257076.359375
1515.885413 257090.406250
1515.905847 257051.906250
1515.926280 257031.562500
1515.946714 256999.312500
1515.967147 256972.812500
1515.987580 256968.843750
1516.008014 256952.937500
1516.028447 256949.578125
1516.069314 256955.546875
1516.089747 256905.937500
1516.130614 256932.671875
1516.151048 256907.656250
1516.171481 256930.656250
1516.191914 256897.125000
1516.212348 256868.765625
1516.253215 256774.703125
1516.273648 256733.718750
1516.294082 256720.437500
1516.314515 256665.046875
1516.334948 256634.218750
1516.355382 256577.671875
1516.375815 256631.281250
1516.396249 256622.375000
1516.416682 256576.500000
1516.437115 256593.062500
1516.457549 256505.218750
1516.477982 256393.281250
1516.498416 256378.421875
1516.518849 256358.609375
1516.559716 256184.796875
1516.600583 256077.890625
1516.641449 255843.765625
1516.661883 255714.531250
1516.682316 255671.171875
1516.702750 255565.656250
1516.723183 255446.968750
1516.743617 255356.359375
1516.784483 255143.218750
1516.804917 255067.390625
1516.845784 254915.671875
1516.866217 254838.593750
1516.886650 254740.765625
1516.907084 254739.265625
1516.927517 254611.484375
1516.947951 254621.890625
1516.968384 254649.484375
1516.988817 254641.578125
1517.009251 254643.031250
1517.029684 254696.468750
1517.050118 254685.281250
1517.070551 254786.609375
1517.090985 254789.484375
1517.111418 254781.609375
1517.131851 254773.484375
1517.152285 254803.343750
1517.172718 254734.921875
1517.193152 254687.593750
1517.213585 254651.406250
1517.234019 254653.781250
1517.254452 254510.312500
1517.274885 254466.734375
1517.295319 254335.046875
1517.315752 254302.515625
1517.336186 254105.781250
1517.356619 253954.593750
1517.377052 253870.484375
1517.397486 253780.812500
1517.438353 253819.187500
1517.479220 254018.156250
1517.499653 254191.343750
1517.520086 254323.875000
1517.560953 254694.062500
1517.581387 254878.718750
1517.642687 255449.921875
1517.663120 255570.218750
1517.683554 255699.750000
1517.724421 255932.718750
1517.744854 256061.656250
1517.765288 256133.750000
1517.785721 256140.968750
1517.806154 256133.890625
1517.826588 256120.125000
1517.847021 256154.875000
1517.867455 256192.625000
1517.887888 256175.125000
1517.908322 256190.703125
1517.928755 256111.953125
1517.949189 256125.828125
1517.969622 256130.171875
1517.990055 256106.312500
1518.051356 256011.125000
1518.071789 256001.218750
1518.092223 255969.296875
1518.112656 255842.406250
1518.133089 255803.859375
1518.153523 255719.000000
1518.173956 255687.203125
1518.194390 255592.375000
1518.235257 255179.828125
1518.255690 254702.109375
1518.276124 254181.906250
1518.296557 253611.484375
1518.316990 252970.281250
1518.337424 252267.859375
1518.357857 251457.625000
1518.378291 250607.343750
1518.398724 249619.250000
1518.419158 248643.765625
1518.439591 247685.875000
1518.460024 246708.281250
1518.480458 245848.796875
1518.500891 245101.906250
1518.521325 244448.078125
1518.541758 243816.781250
1518.603059 242184.031250
1518.623492 241816.218750
1518.664359 240203.062500
1518.705226 237443.468750
1518.725659 236447.812500
1518.786960 234558.203125
1518.807393 234349.421875
1518.827827 234337.578125
1518.848260 234541.546875
1518.868693 234886.562500
1518.909560 236243.687500
1518.929994 237455.593750
1518.950427 238663.421875
1518.970861 239342.921875
1518.991294 239820.171875
1519.011728 240006.234375
1519.032161 240291.453125
1519.052594 240410.718750
1519.093461 240344.203125
1519.113895 240220.218750
1519.134328 239952.921875
1519.216062 235708.734375
1519.236496 233654.546875
1519.256929 231413.437500
1519.277363 229169.046875
1519.297796 226997.546875
1519.318229 224750.109375
1519.379530 217153.015625
1519.399963 213923.031250
1519.420397 211096.937500
1519.461264 207674.765625
1519.481697 206723.093750
1519.502130 206006.015625
1519.522564 205522.171875
1519.542997 205553.046875
1519.563431 206192.890625
1519.583864 207319.656250
1519.624731 207926.750000
1519.645165 207224.406250
1519.665598 206464.312500
1519.686032 206827.593750
1519.706465 208161.421875
1519.726899 209797.140625
1519.747332 211753.500000
1519.767766 214092.953125
1519.829066 221152.187500
1519.849499 223802.171875
1519.869933 226978.718750
1519.890366 230535.250000
1519.910800 233630.625000
1519.951667 237522.796875
1519.972100 239076.734375
1519.992534 240640.468750
1520.012967 242075.375000
1520.053834 243514.593750
1520.074267 244136.218750
1520.094701 244731.640625
1520.115134 245431.578125
1520.135568 245983.796875
1520.156001 246627.515625
1520.176435 247046.734375
1520.196868 247548.953125
1520.217302 247989.828125
1520.237735 248512.343750
1520.258169 248980.921875
1520.278602 249434.437500
1520.299036 249814.281250
1520.319469 250045.437500
1520.339903 250204.375000
1520.360336 250258.218750
1520.380770 250325.421875
1520.401203 250368.921875
1520.421636 250385.765625
1520.442070 250425.546875
1520.462504 250404.265625
1520.503370 250467.765625
1520.523804 250471.578125
1520.544237 250507.781250
1520.564671 250628.140625
1520.585104 250609.687500
1520.605538 250862.953125
1520.625971 250983.359375
1520.646405 251053.593750
1520.666838 251258.484375
1520.687272 251396.187500
1520.748572 252128.718750
1520.769006 252367.421875
1520.789439 252727.125000
1520.809873 252993.484375
1520.830306 253334.859375
1520.871173 253977.984375
1520.891607 254363.093750
1520.912040 254600.859375
1520.932474 254731.796875
1520.952907 254932.281250
1520.973340 255024.593750
1520.993774 255174.156250
1521.014207 255274.296875
1521.034641 255286.046875
1521.055075 255377.484375
1521.075508 255442.625000
1521.095941 255518.796875
1521.116375 255561.343750
1521.136808 255632.953125
1521.157242 255700.796875
1521.177675 255759.953125
1521.198109 255839.937500
1521.218542 255919.406250
1521.238976 255967.609375
1521.259409 256026.328125
1521.300276 256149.906250
1521.320710 256168.218750
1521.341143 256262.171875
1521.361577 256259.968750
1521.382010 256344.359375
1521.402444 256433.421875
1521.422877 256491.187500
1521.443311 256577.109375
1521.463744 256616.437500
1521.484178 256690.171875
1521.504611 256716.000000
1521.525045 256823.750000
1521.545478 256833.390625
1521.586345 256949.484375
1521.606779 257003.093750
1521.627212 257062.890625
1521.647646 257111.968750
1521.668079 257189.218750
1521.688513 257223.687500
1521.708946 257233.578125
1521.729380 257299.296875
1521.770247 257386.156250
1521.790680 257419.609375
1521.811114 257469.203125
1521.831547 257518.343750
1521.851981 257576.609375
1521.872414 257560.125000
1521.892848 257567.906250
1521.913281 257579.375000
1521.933715 257603.171875
1521.954148 257619.109375
1521.974582 257641.765625
1522.015449 257617.328125
1522.035882 257652.937500
1522.056316 257710.093750
1522.076749 257668.265625
1522.097183 257641.375000
1522.117616 257688.609375
1522.138050 257703.812500
1522.158483 257690.750000
1522.178917 257720.359375
1522.199350 257690.046875
1522.219784 257612.375000
1522.240217 257677.031250
1522.281084 257660.734375
1522.301518 257654.140625
1522.321951 257668.765625
1522.342385 257690.765625
1522.362818 257708.484375
1522.383252 257712.546875
1522.403685 257755.328125
1522.424119 257783.968750
1522.444552 257757.218750
1522.464986 257741.203125
1522.485419 257681.437500
1522.505853 257716.968750
1522.526286 257736.390625
1522.546720 257739.671875
1522.567153 257727.562500
1522.608020 257670.609375
1522.628454 257708.843750
1522.648887 257702.187500
1522.669321 257735.906250
1522.689754 257737.265625
1522.710188 257711.062500
1522.730621 257680.531250
1522.751055 257661.500000
1522.771488 257682.921875
1522.791922 257622.640625
1522.812355 257635.984375
1522.832789 257628.281250
1522.853222 257553.375000
1522.873656 257545.140625
1522.894090 257516.796875
1522.914523 257542.843750
1522.934957 257564.000000
1522.955390 257540.328125
1522.975824 257525.000000
1522.996257 257476.843750
1523.016691 257478.500000
1523.037124 257445.984375
1523.057558 257451.484375
1523.077991 257431.406250
1523.098425 257376.187500
1523.118858 257378.046875
1523.139292 257382.296875
1523.159725 257375.406250
1523.180159 257407.578125
1523.200592 257429.156250
1523.221026 257376.500000
1523.241459 257435.562500
1523.261893 257411.921875
1523.282326 257404.765625
1523.302760 257470.484375
1523.323193 257437.671875
1523.343627 257432.593750
1523.364061 257429.640625
1523.384494 257450.406250
1523.404927 257468.250000
1523.425361 257458.390625
1523.445795 257480.968750
1523.466228 257460.000000
1523.507095 257484.296875
1523.527529 257473.328125
1523.547962 257514.562500
1523.568396 257553.109375
1523.588829 257530.312500
1523.609263 257601.359375
1523.629696 257541.609375
1523.650130 257516.406250
1523.670563 257547.765625
1523.690997 257572.671875
1523.711430 257566.156250
1523.731864 257565.937500
1523.752298 257608.609375
1523.772731 257509.718750
1523.793165 257572.125000
1523.813598 257584.250000
1523.854465 257582.109375
1523.874899 257567.468750
1523.895332 257515.984375
1523.915766 257509.843750
1523.936199 257492.671875
1523.956633 257463.859375
1523.977066 257501.687500
1523.997500 257506.515625
1524.017933 257487.421875
1524.038367 257492.250000
1524.058800 257477.093750
1524.079234 257535.156250
1524.120101 257507.281250
1524.140535 257501.140625
1524.181402 257492.953125
1524.201835 257535.000000
1524.242702 257566.640625
1524.263136 257602.406250
1524.283569 257547.281250
1524.304003 257574.265625
1524.324437 257559.828125
1524.344870 257590.218750
1524.365304 257558.796875
1524.406171 257521.765625
1524.426604 257541.921875
1524.447038 257572.062500
1524.467471 257592.796875
1524.487905 257607.656250
1524.508338 257574.265625
1524.528772 257590.781250
1524.569639 257571.875000
1524.590073 257568.750000
1524.610506 257548.281250
1524.630940 257510.406250
1524.651373 257581.250000
1524.671807 257536.937500
1524.692240 257578.375000
1524.712674 257600.765625
1524.733107 257595.281250
1524.773974 257558.796875
1524.794408 257490.890625
1524.835275 257454.437500
1524.855709 257480.625000
1524.876142 257447.562500
1524.917009 257395.406250
1524.937443 257421.953125
1524.957876 257416.453125
1526.143023 257413.390625
1526.163457 257352.500000
1526.204324 257401.484375
1526.286058 257439.265625
1526.306491 257421.906250
1526.347359 257473.687500
1526.367792 257490.046875
1526.388226 257526.046875
1526.408659 257549.453125
1526.429093 257528.828125
1526.449526 257515.781250
1526.469960 257505.765625
1526.490394 257560.156250
1526.531261 257581.046875
1526.551694 257570.812500
1526.572128 257550.250000
1526.592562 257583.015625
1526.612995 257530.359375
1526.653862 257509.609375
1526.674296 257553.343750
1526.694730 257555.500000
1526.715163 257558.062500
1526.735597 257550.421875
1526.756030 257522.640625
1526.776464 257565.609375
1526.796897 257527.281250
1526.817331 257592.031250
1526.837764 257579.531250
1526.858198 257543.062500
1526.878632 257567.828125
1526.899065 257556.046875
1526.939932 257534.640625
1526.960366 257564.468750
1526.980800 257533.890625
1527.021667 257559.281250
1527.042100 257589.546875
1527.062534 257622.828125
1527.082968 257682.625000
1527.103401 257648.734375
1527.123835 257660.359375
1527.144268 257631.890625
1527.205569 257704.000000
1527.246436 257673.484375
1527.266870 257666.890625
1527.287303 257658.750000
1527.328171 257763.031250
1527.348604 257739.140625
1527.369038 257776.984375
1527.389471 257747.515625
1527.409905 257751.750000
1527.430339 257770.078125
1527.450772 257776.468750
1527.491639 257791.187500
1527.512073 257720.921875
1527.532507 257751.734375
1527.552940 257738.625000
1527.573374 257658.031250
1527.634675 257633.328125
1527.655108 257683.578125
1527.675542 257708.796875
1527.695975 257702.218750
1527.736842 257695.906250
1527.757276 257692.109375
1527.777710 257686.734375
1527.798143 257710.687500
1527.818577 257714.375000
1527.839010 257786.265625
1527.859444 257792.234375
1527.900311 257784.546875
1527.920745 257830.390625
1527.961612 257811.265625
1527.982046 257787.953125
1528.002479 257877.859375
1528.022913 257846.906250
1528.043346 257836.031250
1528.063780 257844.796875
1528.084214 257866.312500
1528.104647 257859.140625
1528.125081 257857.140625
1528.145514 257886.578125
1528.165948 257876.421875
1528.186382 257875.171875
1528.206815 257893.468750
1528.227249 257882.000000
1528.247682 257909.750000
1528.268116 257907.250000
1528.288550 257906.234375
1528.308983 258007.687500
1528.329417 257979.921875
1528.349850 257977.703125
1528.370284 257945.656250
1528.431585 257976.828125
1528.452018 258005.921875
1528.472452 257977.906250
1528.492886 258015.421875
1528.513319 257996.703125
1528.533753 257990.562500
1528.554187 257986.812500
1528.574620 257988.062500
1528.595054 257958.093750
1528.615487 257952.234375
1528.635921 257989.453125
1528.656355 257949.000000
1528.697222 257963.656250
1528.717655 257969.578125
1528.738089 258015.218750
1528.758523 257999.312500
1528.799390 257997.312500
1528.819824 258051.156250
1528.840257 258035.718750
1528.860691 258061.750000
1528.881124 258044.421875
1528.901558 258068.203125
1528.921992 258038.140625
1528.942425 258037.078125
1528.962859 258086.578125
1528.983292 258049.625000
1529.003726 258020.625000
1529.024160 258049.125000
1529.044593 258072.406250
1529.065027 258076.734375
1529.085461 258116.468750
1529.105894 258114.828125
1529.146761 258117.328125
1529.187629 258126.968750
1529.208062 258103.890625
1529.248930 258090.734375
1529.269363 258125.125000
1529.289797 258062.203125
1529.310230 258036.656250
1529.330664 258048.703125
1529.351098 258097.312500
1529.391965 258128.390625
1529.432832 258080.859375
1529.453266 258022.984375
1529.473699 258022.812500
1529.494133 258029.593750
1529.514567 258066.046875
1529.535000 258017.359375
1529.555434 258014.015625
1529.575867 257996.234375
1529.596301 258042.312500
1529.616735 258046.843750
1529.637168 258063.984375
1529.657602 258046.531250
1529.678036 258081.953125
1529.718903 258014.015625
1529.739336 258016.390625
1529.759770 258077.437500
1529.780204 258045.031250
1529.800638 258051.781250
1529.821071 258052.265625
1529.841505 258037.437500
1529.861938 258028.875000
1529.882372 258063.843750
1529.902806 258043.781250
1529.923239 258053.140625
1529.943673 258074.406250
1529.964106 258077.906250
1529.984540 258077.156250
1530.004974 258136.421875
1530.025407 258132.765625
1530.045841 258098.937500
1530.066275 258118.921875
1530.086708 258114.343750
1530.107142 258098.937500
1530.127576 258108.031250
1530.148009 258048.156250
1530.168443 258038.031250
1530.188876 258012.609375
1530.209310 258002.781250
1530.229744 257970.828125
1530.250177 257948.140625
1530.291045 257933.140625
1530.311478 257917.812500
1530.331912 257969.250000
1530.352346 257962.453125
1530.372779 257958.531250
1530.393213 257973.531250
1530.413647 257942.718750
1530.434080 257966.390625
1530.454514 257980.578125
1530.474947 258045.218750
1530.495381 258068.921875
1530.515815 258048.859375
1530.536248 258040.968750
1530.577116 258099.500000
1530.597549 258177.500000
1530.617983 258203.265625
1530.638417 258189.500000
1530.658850 258180.468750
1530.679284 258193.625000
1530.699718 258195.781250
1530.720151 258159.953125
1530.740585 258213.046875
1530.761019 258154.328125
1530.781452 258177.531250
1530.801886 258199.828125
1530.822319 258219.125000
1530.842753 258238.203125
1530.863187 258182.937500
1530.883620 258202.343750
1530.904054 258178.500000
1530.944921 258235.765625
1530.965355 258182.328125
1530.985789 258159.750000
1531.006222 258187.296875
1531.026656 258153.859375
1531.047090 258157.921875
1531.087957 258154.437500
1531.108390 258127.578125
1531.128824 258165.453125
1531.149258 258180.890625
1531.169692 258204.203125
1531.210559 258199.296875
1531.230992 258219.703125
1531.251426 258209.062500
1531.292293 258249.671875
1531.312727 258218.781250
1531.333161 258175.906250
1531.353594 258245.609375
1531.374028 258219.593750
1531.394462 258198.843750
1531.414895 258202.984375
1531.435329 258247.546875
1531.476196 258230.093750
1531.496630 258244.109375
1531.517064 258293.093750
1531.537497 258258.234375
1531.557931 258258.578125
1531.578365 258318.296875
1531.598798 258287.765625
1531.619232 258265.562500
1531.639666 258302.031250
1531.660099 258264.296875
1531.680533 258295.890625
1531.721400 258305.359375
1531.741834 258334.843750
1531.762268 258336.796875
1531.782701 258324.453125
1531.823569 258333.750000
1531.864436 258278.875000
1531.884870 258286.281250
1531.905303 258345.875000
1531.925737 258346.890625
1531.946171 258364.406250
1531.987038 258352.578125
1532.007472 258344.421875
1532.027905 258372.187500
1532.048339 258360.359375
1532.068773 258331.937500
1532.089206 258326.671875
1532.109640 258314.687500
1532.130074 258316.187500
1532.150507 258263.718750
1532.170941 258281.546875
1532.191375 258286.343750
1532.211808 258227.765625
1532.232242 258236.359375
1532.252676 258231.703125
1532.273109 258216.296875
1532.293543 258225.906250
1532.313977 258237.734375
1532.334410 258260.796875
1532.354844 258270.015625
1532.375278 258226.140625
1532.395711 258195.718750
1532.416145 258189.156250
1532.436579 258192.343750
1532.457012 258186.750000
1532.477446 258150.984375
1532.518313 258183.828125
1532.538747 258147.765625
1532.559181 258140.828125
1532.600048 258207.718750
1532.620482 258147.531250
1532.640915 258153.171875
1532.661349 258136.421875
1532.681783 258172.359375
1532.722650 258082.625000
1532.743084 258086.265625
1532.783951 258063.875000
1532.804385 258079.328125
1532.824819 258049.921875
1532.865686 258068.703125
1532.886120 258068.937500
1532.906553 258082.890625
1532.926987 258081.234375
1532.947421 258077.687500
1532.967854 258021.546875
1532.988288 258047.843750
1533.008722 258048.218750
1533.029155 258058.500000
1533.049589 258041.687500
1533.070023 258032.250000
1533.090456 257963.359375
1533.110890 257962.125000
1533.131324 258015.515625
1533.172191 257978.875000
1533.192625 258004.453125
1533.233492 257959.812500
1533.253926 257978.218750
1533.274360 257953.687500
1533.294793 257972.656250
1533.315227 257914.109375
1533.335661 257924.812500
1533.356094 257882.296875
1533.376528 257928.656250
1533.396962 257941.359375
1533.417395 257994.093750
1533.437829 258002.859375
1533.458263 257944.843750
1533.478697 258000.734375
1533.499130 257941.171875
1533.519564 258008.015625
1533.560431 257972.250000
1533.580865 257977.187500
1533.601299 257955.281250
1533.662600 257919.718750
1533.683033 257900.406250
1533.703467 257939.078125
1533.723901 257890.500000
1533.744335 257909.437500
1533.764768 257908.812500
1533.785202 257947.531250
1533.826069 257911.453125
1533.846503 257977.234375
1533.866937 257950.093750
1533.969105 257899.578125
1533.989539 257895.687500
1534.009973 257895.281250
1534.030406 257924.687500
1534.050840 257916.765625
1534.071274 257940.000000
1534.112141 257909.468750
1534.132575 257913.968750
1534.153008 257904.718750
1534.173442 257909.328125
1534.193876 257831.078125
1534.214310 257881.703125
1534.255177 257820.093750
1534.296044 257897.187500
1534.316478 257860.859375
1534.336912 257916.890625
1534.357346 257898.468750
1534.377779 257927.406250
1534.398213 257904.406250
1534.418647 257854.718750
1534.459514 257854.078125
1534.479948 257884.015625
1534.500381 257846.921875
1534.520815 257824.359375
1534.541249 257850.546875
1534.561683 257819.046875
1534.582116 257798.468750
1534.602550 257817.078125
1534.622984 257828.843750
1534.643418 257795.812500
1534.663851 257795.359375
1534.684285 257770.171875
1534.704719 257845.218750
1534.725152 257821.875000
1534.745586 257756.078125
1534.766020 257731.515625
1534.786453 257772.109375
1534.806887 257737.140625
1534.827321 257729.203125
1534.847755 257712.078125
1534.888622 257688.562500
1534.909056 257658.109375
1534.949923 257640.421875
1534.970357 257613.015625
1534.990791 257580.406250
1535.011224 257532.562500
1535.031658 257565.468750
1535.052092 257572.234375
1535.072526 257508.296875
1535.092959 257531.234375
1535.133827 257542.359375
1535.154260 257522.734375
1535.174694 257512.765625
1535.195128 257550.265625
1535.215562 257485.421875
1535.256429 257536.234375
1535.276863 257498.062500
1535.297296 257526.109375
1535.338164 257479.140625
1535.358598 257479.328125
1535.379031 257494.531250
1535.399465 257487.765625
1535.440332 257450.625000
1535.460766 257417.875000
1535.481200 257399.250000
1535.501634 257391.031250
1535.522067 257341.062500
1535.542501 257359.484375
1535.562935 257418.671875
1535.583369 257367.343750
1535.603802 257318.218750
1535.624236 257345.843750
1535.644670 257312.312500
1535.665103 257357.796875
1535.685537 257297.250000
1535.726405 257240.765625
1535.767272 257211.281250
1535.787706 257185.750000
1535.828573 257134.234375
1535.849007 257152.625000
1535.889874 257049.828125
1535.910308 257085.218750
1535.930742 257074.234375
1535.951176 256997.984375
1535.992043 257000.781250
1536.012477 256987.875000
1536.032911 256969.015625
1536.053344 256895.781250
1536.073778 256972.468750
1536.094212 256926.453125
1536.135079 256881.781250
1536.155513 256900.390625
1536.175947 256900.968750
1536.216814 256913.828125
1536.237248 256866.812500
1536.257682 256858.078125
1536.278115 256853.937500
1536.298549 256814.187500
1536.318983 256808.156250
1536.359850 256784.093750
1536.380284 256773.718750
1536.400718 256766.625000
1536.421152 256784.828125
1536.441585 256758.046875
1536.462019 256769.562500
1536.482453 256791.390625
1536.502887 256756.109375
1536.523320 256750.843750
1536.543754 256767.765625
1536.564188 256697.625000
1536.584622 256712.453125
1536.605055 256695.906250
1536.625489 256671.125000
1536.645923 256615.906250
1536.686790 256590.843750
1536.707224 256592.562500
1536.727658 256597.328125
1536.748091 256498.218750
1536.768525 256455.296875
1536.788959 256419.968750
1536.809393 256394.921875
1536.829826 256386.046875
1536.850260 256289.531250
1536.870694 256298.828125
1536.911561 256153.156250
1536.931995 256156.109375
1536.952429 256085.750000
1536.972863 256093.718750
1536.993296 255989.359375
1537.013730 256000.359375
1537.054598 255954.375000
1537.075032 255959.609375
1537.095465 255941.078125
1537.115899 255884.328125
1537.136333 255834.812500
1537.156766 255823.031250
1537.197634 255774.953125
1537.238502 255768.734375
1537.258935 255743.000000
1537.279369 255719.640625
1537.299803 255632.187500
1537.320237 255670.953125
1537.340670 255638.656250
1537.361104 255675.218750
1537.381538 255676.234375
1537.401972 255614.093750
1537.422405 255629.078125
1537.442839 255548.203125
1537.463273 255525.203125
1537.483707 255488.265625
1537.504140 255502.796875
1537.524574 255430.062500
1537.545008 255360.640625
1537.565442 255362.812500
1537.585875 255358.390625
1537.606309 255322.328125
1537.626743 255292.890625
1537.647177 255265.703125
1537.667610 255297.906250
1537.688044 255200.078125
1537.708478 255243.250000
1537.749345 255200.718750
1537.769779 255191.109375
1537.810647 255137.890625
1537.831080 255158.484375
1537.851514 255151.828125
1537.871948 255159.000000
1537.912815 255157.609375
1537.933249 255221.062500
1537.953683 255178.343750
1537.974117 255234.531250
1537.994551 255246.390625
1538.014984 255243.015625
1538.035418 255300.765625
1538.055852 255252.218750
1538.076286 255286.640625
1538.096719 255370.531250
1538.117153 255345.250000
1538.158021 255386.140625
1538.178455 255383.796875
1538.198888 255434.625000
1538.219322 255460.890625
1538.239756 255546.000000
1538.280623 255553.265625
1538.301057 255570.843750
1538.341925 255599.734375
1538.382792 255670.468750
1538.403226 255659.390625
1538.423660 255694.890625
1538.444094 255702.468750
1538.464527 255744.281250
1538.484961 255735.156250
1538.505395 255703.171875
1538.525829 255723.390625
1538.566696 255758.578125
1538.587130 255744.312500
1538.607564 255721.734375
1538.627998 255690.218750
1538.648431 255724.171875
1538.668865 255699.906250
1538.689299 255746.390625
1538.709733 255704.484375
1538.730166 255769.015625
1538.750600 255782.875000
1538.791468 255753.906250
1538.832335 255782.375000
1538.852769 255713.015625
1538.873203 255747.953125
1538.893636 255763.421875
1538.914070 255709.359375
1538.934504 255660.718750
1538.954938 255655.468750
1538.975372 255645.000000
1538.995805 255625.031250
1539.016239 255620.187500
1539.036673 255625.390625
1539.057107 255608.234375
1539.077541 255608.406250
1539.118408 255575.203125
1539.138842 255557.656250
1539.159276 255547.578125
1539.200143 255541.078125
1539.220577 255547.046875
1539.241011 255584.562500
1539.261445 255522.078125
1539.302312 255571.765625
1539.322746 255553.750000
1539.343180 255548.906250
1539.363614 255529.953125
1539.384047 255542.828125
1539.404481 255578.328125
1539.424915 255571.828125
1539.445349 255521.093750
1539.465783 255560.078125
1539.486216 255559.671875
1539.506650 255545.656250
1539.527084 255476.406250
1539.547518 255462.734375
1539.567951 255464.875000
1539.588385 255542.906250
1539.608819 255483.750000
1539.629253 255446.406250
1539.649687 255438.953125
1539.670120 255413.765625
1539.690554 255430.421875
1539.710988 255449.968750
1539.731422 255385.968750
1539.751856 255314.968750
1539.792723 255163.062500
1539.813157 255125.359375
1539.833591 255038.984375
1539.854025 255006.500000
1539.894892 254866.500000
1539.915326 254828.171875
1539.956194 254676.375000
1539.976627 254693.640625
1539.997061 254590.921875
1540.037929 254368.718750
1540.058362 254234.031250
1540.078796 254128.875000
1540.099230 254011.343750
1540.119664 253865.843750
1540.140098 253689.468750
1540.160531 253469.609375
1540.180965 253242.078125
1540.201399 252947.515625
1540.221833 252518.781250
1540.242267 252127.578125
1540.262700 251693.796875
1540.283134 251316.593750
1540.303568 251022.140625
1540.324002 250647.015625
1540.344436 250391.796875
1540.385303 250239.437500
1540.405737 250278.437500
1540.426171 250448.187500
1540.446605 250652.171875
1540.467039 250892.687500
1540.507906 251810.078125
1540.528340 252264.640625
1540.548774 252689.468750
1540.569208 253019.281250
1540.630509 253735.718750
1540.650943 253960.890625
1540.671377 254136.203125
1540.691810 254309.390625
1540.712244 254384.359375
1540.732678 254518.984375
1540.753112 254631.515625
1540.773546 254707.531250
1540.793979 254814.984375
1540.814413 254912.750000
1540.834847 254955.296875
1540.896149 255198.859375
1540.916582 255206.890625
1540.937016 255291.921875
1540.957450 255350.156250
1540.977884 255366.750000
1540.998318 255404.625000
1541.018751 255487.218750
1541.039185 255438.984375
1541.100487 255601.187500
1541.120921 255576.218750
1541.141354 255605.812500
1541.182222 255703.953125
1541.202656 255704.312500
1541.223089 255695.937500
1541.243523 255701.546875
1541.263957 255680.578125
1541.284391 255637.125000
1541.304825 255702.734375
1541.325259 255713.562500
1541.345693 255736.375000
1541.366126 255755.156250
1541.386560 255693.343750
1541.406994 255753.937500
1541.427428 255779.687500
1541.447862 255777.687500
1541.468295 255765.671875
1541.488729 255758.953125
1541.509163 255801.062500
1541.529597 255766.062500
1541.550031 255777.531250
1541.570465 255703.593750
1541.590898 255698.843750
1541.611332 255692.375000
1541.631766 255688.312500
1541.652200 255694.781250
1541.672634 255733.546875
1541.693068 255782.859375
1541.713501 255746.812500
1541.733935 255788.484375
1541.754369 255745.421875
1541.795237 255762.750000
1541.815670 255797.781250
1541.836104 255835.140625
1541.856538 255803.750000
1541.876972 255777.718750
1541.897406 255816.843750
1541.917840 255811.531250
1541.938273 255839.125000
1541.979141 255868.234375
1541.999575 255828.187500
1542.020009 255868.203125
1542.040442 255885.484375
1542.060876 255846.890625
1542.101744 255836.156250
1542.122178 255754.296875
1542.142612 255784.796875
1542.163045 255689.437500
1542.183479 255740.468750
1542.244781 255701.218750
1542.265215 255728.625000
1542.285649 255681.453125
1542.306082 255643.062500
1542.326516 255649.609375
1542.346950 255664.796875
1542.367384 255578.531250
1542.387818 255617.218750
1542.408251 255567.312500
1542.428685 255520.953125
1542.449119 255504.796875
1542.469553 255465.953125
1542.489987 255459.687500
1542.510421 255389.500000
1542.530854 255379.906250
1542.551288 255325.312500
1542.571722 255362.750000
1542.612590 255284.062500
1542.633024 255207.453125
1542.653457 255209.968750
1542.673891 255132.343750
1542.694325 255113.437500
1542.735193 255002.421875
1542.755627 254957.937500
1542.776061 254910.765625
1542.816928 254934.562500
1542.837362 254914.000000
1542.878230 254906.984375
1542.939531 254928.687500
1542.959965 254979.265625
1542.980399 254960.515625
1543.000833 255000.375000
1543.021267 255025.875000
1543.041701 255061.312500
1543.062134 255068.187500
1543.082568 255093.843750
1543.103002 255133.093750
1543.123436 255147.875000
1543.143870 255202.984375
1543.184737 255273.421875
1543.205171 255363.375000
1543.225605 255343.687500
1543.246039 255370.265625
1543.266473 255405.625000
1543.286907 255447.171875
1543.307341 255498.359375
1543.348208 255514.703125
1543.389076 255529.812500
1543.409510 255597.453125
1543.429944 255658.703125
1543.450378 255668.468750
1543.470811 255697.890625
1543.491245 255703.281250
1543.511679 255792.093750
1543.532113 255773.921875
1543.552547 255751.109375
1543.572981 255810.906250
1543.593414 255834.687500
1543.613848 255930.125000
1543.634282 255902.531250
1543.654716 255922.187500
1543.675150 256016.437500
1543.695584 255962.000000
1543.716018 255995.156250
1543.736452 256014.640625
1543.756885 256046.453125
1543.777319 256046.515625
1543.797753 256042.609375
1543.818187 256040.562500
1543.859055 256064.953125
1543.879488 256022.437500
1543.899922 256061.828125
1543.920356 256064.656250
1543.940790 256073.781250
1543.961224 255982.171875
1543.981658 255998.531250
1544.002092 256030.156250
1544.022526 256023.000000
1544.042959 256067.515625
1544.063393 256085.343750
1544.083827 256004.515625
1544.104261 256074.828125
1544.124695 256021.703125
1544.145129 256011.500000
1544.165563 256001.984375
1544.185996 256059.906250
1544.206430 256101.593750
1544.226864 256091.031250
1544.247298 256079.281250
1544.267732 256103.437500
1544.288166 256095.812500
1544.308600 256156.562500
1544.329033 256195.062500
1544.349467 256215.093750
1544.369901 256278.156250
1544.390335 256320.406250
1544.410769 256353.453125
1544.431203 256387.859375
1544.451637 256394.531250
1544.472070 256417.640625
1544.492504 256506.531250
1544.512938 256481.515625
1544.533372 256487.765625
1544.553806 256545.812500
1544.574240 256598.921875
1544.594674 256600.187500
1544.615108 256623.765625
1544.635541 256572.421875
1544.655975 256634.906250
1544.676409 256667.593750
1544.696843 256714.453125
1544.717277 256738.218750
1544.737711 256754.921875
1544.758145 256785.281250
1544.778579 256760.031250
1544.799013 256756.437500
1544.819446 256703.781250
1544.839880 256737.421875
1544.860314 256756.296875
1544.880748 256750.093750
1544.901182 256804.531250
1544.942050 256842.328125
1544.962483 256877.796875
1544.982917 256874.328125
1545.003351 256883.343750
1545.023785 256904.187500
1545.044219 256836.125000
1545.064653 256910.656250
1545.085087 256854.625000
1545.105521 256882.812500
1545.125954 256862.015625
1545.146388 256861.468750
1545.166822 256837.187500
1545.187256 256793.484375
1545.228124 256870.046875
1545.248558 256864.609375
1545.268992 256843.609375
1545.289426 256808.578125
1545.309859 256765.890625
1545.330293 256756.796875
1545.350727 256726.187500
1545.371161 256745.406250
1545.391595 256778.937500
1545.432463 256717.031250
1545.452897 256734.421875
1545.473330 256757.062500
1545.493764 256757.000000
1545.534632 256766.562500
1545.555066 256800.468750
1545.575500 256854.796875
1545.636801 256909.968750
1545.657235 256993.890625
1545.677669 257019.000000
1545.698103 257026.687500
1545.718537 257081.906250
1545.738971 257092.468750
1545.759405 257169.015625
1545.779839 257253.343750
1545.800273 257233.343750
1545.820706 257275.062500
1545.861574 257328.093750
1545.902442 257383.171875
1545.922876 257374.093750
1545.943310 257359.531250
1545.963744 257400.046875
1545.984178 257405.437500
1546.004612 257349.140625
1546.025045 257365.937500
1546.045479 257358.546875
1546.065913 257351.046875
1546.086347 257372.796875
1546.106781 257394.812500
1546.127215 257352.906250
1546.147649 257307.656250
1546.168083 257334.343750
1546.208950 257365.015625
1546.229384 257318.203125
1546.249818 257334.781250
1546.270252 257314.859375
1546.290686 257345.937500
1546.311120 257300.640625
1546.331554 257359.125000
1546.351988 257379.203125
1546.372422 257383.250000
1546.392856 257400.328125
1546.413289 257353.625000
1546.433723 257384.984375
1546.454157 257397.421875
1546.474591 257442.906250
1546.515459 257454.578125
1546.556327 257450.734375
1546.576761 257440.593750
1546.597194 257460.156250
1546.617628 257441.609375
1546.658496 257501.875000
1546.678930 257514.453125
1546.699364 257565.343750
1546.740232 257534.031250
1546.760666 257588.343750
1546.801534 257484.921875
1546.821967 257485.140625
1546.842401 257520.890625
1546.862835 257488.843750
1546.883269 257447.984375
1546.903703 257420.359375
1546.924137 257418.343750
1546.944571 257434.421875
1546.985439 257448.031250
1547.005873 257433.500000
1547.026306 257439.265625
1547.046740 257408.984375
1547.067174 257400.859375
1547.087608 257398.796875
1547.108042 257398.843750
1547.128476 257386.343750
1547.148910 257437.312500
1547.169344 257396.218750
1547.189778 257384.781250
1547.210212 257397.703125
1547.271513 257469.140625
1547.291947 257445.859375
1547.312381 257511.890625
1547.332815 257479.500000
1547.353249 257507.468750
1547.373683 257511.265625
1547.394117 257581.281250
1547.414551 257558.125000
1547.434985 257583.218750
1547.455419 257552.015625
1547.496286 257592.234375
1547.516720 257630.015625
1547.537154 257618.750000
1547.557588 257677.609375
1547.578022 257644.312500
1547.598456 257664.421875
1547.618890 257664.671875
1547.639324 257684.562500
1547.659758 257646.406250
1547.680192 257712.390625
1547.700626 257674.531250
1547.721059 257725.390625
1547.741493 257728.937500
1547.761927 257729.234375
1547.782361 257731.734375
1547.802795 257757.343750
1547.823229 257718.187500
1547.843663 257759.640625
1547.864097 257823.828125
1547.904965 257870.828125
1547.925399 257911.296875
1547.945833 257940.140625
1547.966267 257931.515625
1547.986700 258045.046875
1548.007134 258042.625000
1548.027568 258002.203125
1548.048002 258050.156250
1548.068436 258089.531250
1548.088870 258118.281250
1548.109304 258082.656250
1548.129738 258134.953125
1548.150172 258157.437500
1548.170606 258171.281250
1548.191040 258194.453125
1548.211474 258187.484375
1548.231907 258252.578125
1548.252341 258198.625000
1548.272775 258223.703125
1548.293209 258260.906250
1548.313643 258259.984375
1548.334077 258224.625000
1548.354511 258306.343750
1548.374945 258262.765625
1548.436247 258327.265625
1548.456681 258334.562500
1548.477115 258359.125000
1548.497549 258386.687500
1548.517983 258408.640625
1548.538416 258420.296875
1548.558850 258369.953125
1548.579284 258407.593750
1548.599718 258399.515625
1548.620152 258374.953125
1548.640586 258383.984375
1548.681454 258389.750000
1548.701888 258345.390625
1548.722322 258434.828125
1548.742756 258426.703125
1548.763190 258447.609375
1548.783624 258408.015625
1548.844925 258435.093750
1548.865359 258447.921875
1548.885793 258427.015625
1548.906227 258435.281250
1548.926661 258449.093750
1548.947095 258450.687500
1548.967529 258447.828125
1548.987963 258422.796875
1549.008397 258443.281250
1549.049265 258477.062500
1549.069699 258454.171875
1549.090133 258485.531250
1549.131001 258449.796875
1549.151434 258501.078125
1549.171868 258444.156250
1549.192302 258477.562500
1549.212736 258439.328125
1549.233170 258424.531250
1549.253604 258462.500000
1549.274038 258497.843750
1549.294472 258505.234375
1549.314906 258482.609375
1549.335340 258503.921875
1549.376208 258506.093750
1549.417076 258483.484375
1549.437510 258474.296875
1549.457944 258471.281250
1549.478378 258461.890625
1549.519245 258417.875000
1549.539679 258451.953125
1549.580547 258409.359375
1549.600981 258443.921875
1549.621415 258433.562500
1549.641849 258418.156250
1549.662283 258461.343750
1549.682717 258466.937500
1549.703151 258468.718750
1549.723585 258446.140625
1549.744019 258445.171875
1549.784887 258357.750000
1549.825755 258380.609375
1549.846189 258368.687500
1549.866622 258418.468750
1549.887057 258362.859375
1549.907490 258355.859375
1549.927925 258376.000000
1549.948358 258361.906250
1549.968792 258381.984375
1549.989226 258409.296875
1550.009660 258398.890625
1550.030094 258470.484375
1550.050528 258403.343750
1550.070962 258407.156250
1550.132264 258382.687500
1550.152698 258443.296875
1550.173132 258455.625000
1550.193566 258436.046875
1550.234434 258466.625000
1550.254868 258487.484375
1550.275302 258462.062500
1550.295736 258459.093750
1550.316170 258465.234375
1550.336603 258497.843750
1550.377471 258501.156250
1550.397905 258459.296875
1550.418339 258457.562500
1550.438773 258384.062500
1550.459207 258371.031250
1550.500075 258396.734375
1550.520509 258431.453125
1550.581811 258414.234375
1550.602245 258454.796875
1550.622679 258478.421875
1550.643113 258485.953125
1550.663547 258448.062500
1550.683981 258441.937500
1550.704415 258416.234375
1550.724849 258442.406250
1550.745283 258487.312500
1550.765717 258444.218750
1550.786151 258448.671875
1550.806585 258443.375000
1550.827019 258520.250000
1550.847452 258497.140625
1550.867887 258526.031250
1550.888320 258527.890625
1550.908754 258550.531250
1550.970056 258570.890625
1550.990490 258564.062500
1551.010924 258562.171875
1551.031358 258605.468750
1551.051792 258575.250000
1551.072226 258624.078125
1551.092660 258629.687500
1551.113094 258644.234375
1551.133528 258642.203125
1551.153962 258677.953125
1551.174396 258705.500000
1551.194830 258716.156250
1551.215264 258655.437500
1551.235698 258652.546875
1551.256132 258672.234375
1551.276566 258661.921875
1551.297000 258703.453125
1551.317434 258691.078125
1551.337868 258732.500000
1551.358302 258694.031250
1551.378736 258688.968750
1551.419604 258697.234375
1551.440038 258694.171875
1551.460472 258702.140625
1551.480906 258650.281250
1551.501340 258703.843750
1551.542208 258651.875000
1551.583075 258673.218750
1551.603509 258651.812500
1551.623943 258743.609375
1551.644377 258666.625000
1551.664811 258632.906250
1551.685245 258640.765625
1551.705679 258687.859375
1551.746547 258731.500000
1551.766981 258686.328125
1551.807849 258719.218750
1551.848717 258710.984375
1551.869151 258699.703125
1551.889585 258722.218750
1551.910019 258769.375000
1551.930453 258762.828125
1551.950887 258797.109375
1551.971321 258814.546875
1551.991755 258744.906250
1552.012189 258753.468750
1552.032623 258710.609375
1552.053057 258724.375000
1552.093925 258712.281250
1552.114359 258679.203125
1552.134793 258693.718750
1552.155227 258718.500000
1552.216529 258645.937500
1552.236963 258681.484375
1552.257397 258641.515625
1552.277831 258674.140625
1552.318699 258631.640625
1552.339133 258616.093750
1552.359567 258674.656250
1552.380001 258614.687500
1552.400435 258623.937500
1552.420869 258656.890625
1552.441303 258604.953125
1552.461737 258642.015625
1552.482171 258613.281250
1552.502605 258643.031250
1552.523039 258637.437500
1552.543473 258680.500000
1552.563907 258647.875000
1552.584341 258620.906250
1552.604775 258601.171875
1552.625209 258655.140625
1552.645643 258641.015625
1552.666077 258656.531250
1552.686511 258696.015625
1552.706945 258628.000000
1552.727378 258642.656250
1552.768247 258677.687500
1552.788680 258682.140625
1552.809115 258715.281250
1552.829549 258737.953125
1552.849982 258736.625000
1552.870417 258741.484375
1552.890850 258784.531250
1552.931718 258723.656250
1552.952152 258757.234375
1552.972587 258723.562500
1552.993020 258749.421875
1553.013454 258762.203125
1553.033889 258724.578125
1553.054322 258789.578125
1553.074756 258809.015625
1553.095191 258802.156250
1553.115624 258795.234375
1553.136058 258817.296875
1553.156492 258780.859375
1553.176926 258788.093750
1553.197360 258803.234375
1553.217794 258789.062500
1553.238228 258814.515625
1553.258663 258857.078125
1553.279096 258852.843750
1553.299531 258805.546875
1553.340398 258865.437500
1553.360833 258793.765625
1553.381266 258836.328125
1553.401700 258775.781250
1553.422135 258732.265625
1553.442568 258753.296875
1553.463002 258765.046875
1553.483437 258750.687500
1553.503870 258748.781250
1553.524305 258809.765625
1553.544739 258784.078125
1553.565172 258812.078125
1553.585606 258844.484375
1553.606040 258836.062500
1553.626474 258854.828125
1553.646908 258852.718750
1553.667342 258813.578125
1553.687777 258822.781250
1553.708210 258873.687500
1553.749079 258828.359375
1553.789947 258793.046875
1553.810381 258839.406250
1553.830815 258905.937500
1553.851249 258811.906250
1553.871683 258795.890625
1553.892117 258766.218750
1553.912551 258834.703125
1553.932985 258828.015625
1553.953419 258832.218750
1553.973853 258853.078125
1553.994287 258878.546875
1554.014721 258881.515625
1554.035155 258853.296875
1554.055589 258834.500000
1554.076023 258828.875000
1554.116891 258853.812500
1554.137325 258804.578125
1554.157759 258780.109375
1554.178193 258767.312500
1554.198627 258796.531250
1554.219061 258811.171875
1554.239495 258822.812500
1554.259929 258806.390625
1554.300797 258808.015625
1554.341665 258778.937500
1554.362099 258804.375000
1554.382533 258823.125000
1554.402967 258751.328125
1554.423401 258751.156250
1554.464269 258764.156250
1554.484703 258775.531250
1554.505137 258738.562500
1554.525571 258774.828125
1554.546005 258725.875000
1554.566439 258749.593750
1554.586873 258778.906250
1554.607307 258785.296875
1554.627741 258758.812500
1554.648175 258736.796875
1554.668609 258803.515625
1554.689043 258804.187500
1554.709477 258781.484375
1554.729911 258781.843750
1554.750345 258823.187500
1554.791213 258787.015625
1554.811647 258823.421875
1554.832081 258799.765625
1554.852515 258842.765625
1554.872949 258819.953125
1554.893383 258810.812500
1554.913817 258764.421875
1554.934251 258802.250000
1554.954685 258866.109375
1554.975120 258851.828125
1554.995554 258835.984375
1555.015988 258901.562500
1555.036422 258814.437500
1555.056856 258794.859375
1555.077290 258808.765625
1555.097724 258776.593750
1555.118158 258712.140625
1555.138592 258746.531250
1555.179460 258716.812500
1555.199894 258662.937500
1555.240762 258697.671875
1555.261196 258694.375000
1555.281630 258632.218750
1555.302064 258645.640625
1555.322498 258658.062500
1555.363366 258656.234375
1555.383800 258653.234375
1555.404234 258690.687500
1555.424668 258680.218750
1555.445102 258694.234375
1555.465536 258736.296875
1555.506404 258777.437500
1555.526838 258763.296875
1555.547272 258760.187500
1555.567706 258792.312500
1555.588140 258754.781250
1555.608574 258754.781250
1555.629008 258780.843750
1555.649442 258718.515625
1555.669876 258775.140625
1555.690311 258732.078125
1555.710745 258808.468750
1555.731179 258737.125000
1555.751613 258763.765625
1555.772047 258770.812500
1555.792481 258796.968750
1555.812915 258815.203125
1555.833349 258792.375000
1555.853783 258849.734375
1555.874217 258789.875000
1555.894651 258840.671875
1555.915085 258803.000000
1555.935519 258750.843750
1555.955953 258781.703125
1555.976387 258795.828125
1555.996821 258768.250000
1556.017255 258833.078125
1556.037689 258786.781250
1556.058123 258824.562500
1556.078557 258828.765625
1556.098991 258804.765625
1556.119425 258815.437500
1556.139859 258784.531250
1556.160293 258834.609375
1556.180727 258823.281250
1556.201161 258765.421875
1556.221596 258765.562500
1556.242030 258787.234375
1556.262464 258777.031250
1556.282898 258781.578125
1556.303332 258780.593750
1556.323766 258800.921875
1556.344200 258772.828125
1556.364634 258833.140625
1556.385068 258813.843750
1556.405502 258832.718750
1556.425936 258811.250000
1556.446370 258809.609375
1556.466804 258824.218750
1556.487238 258791.343750
1556.507672 258848.890625
1556.528106 258858.531250
1556.548540 258850.062500
1556.589408 258870.843750
1556.609842 258877.625000
1556.650710 258906.484375
1556.671145 258911.375000
1556.691579 258908.296875
1556.712013 258966.187500
1556.732447 258923.718750
1556.752881 258923.671875
1556.773315 258941.125000
1556.814183 258911.234375
1556.855051 258952.656250
1556.875485 258946.546875
1556.895919 258938.437500
1556.916353 258891.609375
1556.957221 258914.812500
1556.977655 258880.265625
1556.998089 258927.093750
1557.018523 258818.828125
1557.038957 258868.015625
1557.059392 258885.859375
1557.079826 258860.109375
1557.100260 258807.671875
1557.120694 258806.609375
1557.141128 258824.031250
1557.161562 258828.734375
1557.181996 258780.187500
1557.202430 258795.890625
1557.243298 258772.234375
1557.263732 258816.078125
1557.284166 258855.421875
1557.304600 258831.750000
1557.325034 258784.000000
1557.345468 258867.546875
1557.386336 258862.281250
1557.406770 258901.218750
1557.427204 258918.281250
1557.447639 258883.078125
1557.468073 258914.609375
1557.488507 258919.125000
1557.508941 258948.375000
1557.529375 258934.640625
1557.549809 258967.781250
1557.590677 258959.734375
1557.611111 258988.781250
1557.631545 258961.859375
1557.651979 258977.906250
1557.672413 258964.828125
1557.692847 258956.437500
1557.733716 259002.687500
1557.774584 258947.609375
1557.795018 258953.953125
1557.815452 258931.187500
1557.835886 258975.843750
1557.856320 258943.421875
1557.876754 258899.765625
1557.897188 258929.859375
1557.938056 258884.656250
1557.958490 258865.593750
